X	Y	veg2010	TRI	snowcov	HFI2012
609505.5503	5689229	128.62822	25.13285	5.23684	121.25678
613505.5503	5689229	95.67723	41.41572	7.93023	122.95866
617505.5503	5689229	103.26656	45.93796	6.69492	128
621505.5503	5689229	113.01651	37.6525	4.73438	128
625505.5503	5689229	170.76215	11.79541	1.86667	128
629505.5503	5689229	186.92178	7.66312	0.34	128
633505.5503	5689229	172.94079	10.30406	0	127.62949
637505.5503	5689229	195.49135	13.54141	0	127.47918
641505.5503	5689229	173.80887	9.40897	0	124.32974
645505.5503	5689229	184.86164	7.6665	0.05882	127.666
649505.5503	5689229	171.53483	11.84086	0	123.82562
653505.5503	5689229	194.35622	13.03559	0	125.48678
601505.5503	5685229	141.99961	36.09328	1.5	127.8839
605505.5503	5685229	90.99009	41.94034	8.75	128
609505.5503	5685229	94.40348	41.064	6.96875	128
613505.5503	5685229	143.24835	32.24223	3.55357	123.98408
617505.5503	5685229	52.23703	39.02632	2.46875	127.95451
621505.5503	5685229	91.74121	38.0563	2.76563	127.98635
625505.5503	5685229	134.38267	27.59252	2.40625	127.45472
629505.5503	5685229	160.12715	14.22959	0.71875	126.22725
633505.5503	5685229	166.77013	7.20757	0	127.25892
637505.5503	5685229	178.65156	12.47444	0	127.36369
641505.5503	5685229	161.93593	9.46118	0	124.0591
645505.5503	5685229	153.4443	8.13216	0	121.06301
649505.5503	5685229	161.35605	9.04951	0	118.37658
653505.5503	5685229	157.42193	7.87652	0.10938	111.50138
657505.5503	5685229	155.88039	7.95764	0	122.92686
661505.5503	5685229	134.39894	10.00413	0	92.78461
665505.5503	5685229	114.25307	7.57017	0	67.08829
597505.5503	5681229	81.18611	30.73858	10.9	128
601505.5503	5681229	189.61997	21.82333	5.93103	127.82147
605505.5503	5681229	67.07741	42.7861	2.95313	128
609505.5503	5681229	96.99182	27.04245	3.53125	128
613505.5503	5681229	114.97472	32.39429	5.48214	128
617505.5503	5681229	109.08548	47.12181	6.45313	128
621505.5503	5681229	77.16525	48.32741	3.46875	128
625505.5503	5681229	75.27266	33.99279	1.17188	128
629505.5503	5681229	170.03011	8.39226	0	111.32752
633505.5503	5681229	164.93382	5.88696	0	114.90163
637505.5503	5681229	168.98994	8.39657	0	123.90212
641505.5503	5681229	148.70662	13.27902	0	120.54761
645505.5503	5681229	185.62767	4.97291	0	113.49112
649505.5503	5681229	153.77651	4.50527	0	103.04558
653505.5503	5681229	143.37202	6.81725	0	105.79186
657505.5503	5681229	125.75393	8.13487	0	89.02484
661505.5503	5681229	112.40434	5.09126	0	66.53535
665505.5503	5681229	114.70865	5.38964	0	76.63633
669505.5503	5681229	111.23769	5.02877	0	78.14338
673505.5503	5681229	94.71361	4.95112	0	61.11435
593505.5503	5677229	176.41627	27.77076	8.6	128
597505.5503	5677229	112.15442	38.81599	8.2931	128
601505.5503	5677229	155.95417	16.98179	9.9375	122.33026
605505.5503	5677229	175.09268	18.42082	0.89063	125.6671
609505.5503	5677229	60.16384	38.51398	6.0625	128
613505.5503	5677229	161.78411	16.51699	2.82143	128
617505.5503	5677229	84.01946	29.93806	1.5	128
621505.5503	5677229	53.29858	43.99304	2.71875	128
625505.5503	5677229	107.79384	59.70027	3.51563	128
629505.5503	5677229	180.49528	18.68343	0.92188	128
633505.5503	5677229	181.32511	6.77577	0	128
637505.5503	5677229	194.34442	8.74351	0	119.64688
641505.5503	5677229	175.29425	3.31818	0	117.96218
645505.5503	5677229	190.66525	6.25938	0	122.86753
649505.5503	5677229	148.62743	5.62501	0	85.30728
653505.5503	5677229	87.40738	6.51846	0	103.71816
657505.5503	5677229	88.34599	3.99245	0	64.37445
661505.5503	5677229	134.27997	6.5016	0	82.05439
665505.5503	5677229	135.66187	5.67461	0	61.21333
669505.5503	5677229	114.82528	4.92237	0	70.43528
673505.5503	5677229	74.81753	4.74759	0	59.00586
677505.5503	5677229	98.45135	7.94256	0	60.74557
589505.5503	5673229	113.4291	41.1539	2	127.9224
593505.5503	5673229	123.8307	30.79448	9.38182	127.92512
597505.5503	5673229	123.35754	31.89171	4.5	99.07188
601505.5503	5673229	143.69556	13.82482	4.5	105.20364
605505.5503	5673229	187.26807	13.42062	0.29688	123.2502
609505.5503	5673229	131.42547	36.41155	9.40625	128
613505.5503	5673229	141.05949	34.39339	5.55357	128
617505.5503	5673229	97.91527	38.69065	7.375	128
621505.5503	5673229	93.16745	44.73856	6.0625	128
625505.5503	5673229	56.2935	39.96659	1.92188	128
629505.5503	5673229	121.07201	16.12113	1.73438	128
633505.5503	5673229	201.93189	5.99825	0.28125	128
637505.5503	5673229	193.37044	5.42913	0	128
641505.5503	5673229	159.80491	4.38514	0	125.19502
645505.5503	5673229	112.04898	6.25938	0	118.73821
649505.5503	5673229	90.65682	5.64408	0	108.62037
653505.5503	5673229	105.57328	3.44631	0	96.5763
657505.5503	5673229	134.28121	7.03142	0.0625	83.23196
661505.5503	5673229	108.99339	4.11433	0	118.92176
665505.5503	5673229	120.53695	5.03133	0	106.82571
669505.5503	5673229	118.51762	4.77646	0	65.70435
673505.5503	5673229	90.77665	6.32831	0	70.90527
677505.5503	5673229	93.06879	6.1536	0	59.35285
681505.5503	5673229	105.65213	8.35169	0	80.73609
589505.5503	5669229	182.6552	24.25389	0.125	120.27445
593505.5503	5669229	185.41934	21.04873	2.28125	122.37606
597505.5503	5669229	195.70622	11.62033	1.20313	106.47009
601505.5503	5669229	126.04972	12.96745	0.09375	109.40807
605505.5503	5669229	128.77078	4.59312	0.01563	123.17127
609505.5503	5669229	162.32524	21.4946	1.34375	124.64173
613505.5503	5669229	75.27036	34.69945	4.67857	128
617505.5503	5669229	72.51454	28.65888	8.04688	128
621505.5503	5669229	69.79945	40.0243	6.76563	128
625505.5503	5669229	48.91274	43.48462	4.73438	128
629505.5503	5669229	136.39285	34.15279	2.51563	128
633505.5503	5669229	189.94541	8.89745	0.15625	127.92339
637505.5503	5669229	139.58616	8.48326	0	124.51531
641505.5503	5669229	112.53068	6.28452	0	121.2805
645505.5503	5669229	119.47083	5.36989	0	119.11289
649505.5503	5669229	144.42134	6.44416	0	98.97991
653505.5503	5669229	143.83853	8.01669	0	105.16285
657505.5503	5669229	136.56989	6.57177	0	114.66396
661505.5503	5669229	106.03505	4.07698	0	108.25981
665505.5503	5669229	110.80503	4.71241	0	71.46356
669505.5503	5669229	105.1494	5.5205	0	78.95799
673505.5503	5669229	112.0614	4.18955	0	77.8647
677505.5503	5669229	109.96535	2.50828	0	66.13877
681505.5503	5669229	109.10589	3.36199	0	81.16112
685505.5503	5669229	91.76361	4.64415	0	89.12571
585505.5503	5665229	130.05324	36.45351	12	127.42226
589505.5503	5665229	170.42123	19.42347	7.29091	126.36005
593505.5503	5665229	103.60727	25.97416	0.5625	128
597505.5503	5665229	201.32319	25.55281	2.65625	128
601505.5503	5665229	178.58152	29.95209	1.14063	127.26657
605505.5503	5665229	82.71627	41.63987	2.48438	128
609505.5503	5665229	170.46813	6.14252	0.01563	122.36911
613505.5503	5665229	124.19332	38.58924	4.07143	121.85193
617505.5503	5665229	88.4309	42.50144	7.125	128
621505.5503	5665229	59.17883	44.25791	6.125	128
625505.5503	5665229	123.20267	44.06911	3.73438	128
629505.5503	5665229	137.83031	35.34978	1.45313	128
633505.5503	5665229	103.35295	10.94352	0	124.13605
637505.5503	5665229	113.18789	5.73953	0	118.39707
641505.5503	5665229	169.60275	4.48255	0	115.74786
645505.5503	5665229	160.52328	5.1207	0	108.37787
649505.5503	5665229	158.06313	8.50604	0	95.5699
653505.5503	5665229	168.87398	7.0552	0	100.43597
657505.5503	5665229	153.80117	5.50918	0	100.58374
661505.5503	5665229	125.50519	5.03758	0	95.14688
665505.5503	5665229	111.22	3.42687	0	75.99123
669505.5503	5665229	109.47972	5.38578	0	77.29533
673505.5503	5665229	110.49953	2.99184	0	54.08585
677505.5503	5665229	108.9305	2.7861	0	17.1945
681505.5503	5665229	109.90401	1.18785	0	61.118
685505.5503	5665229	96.90016	1.6423	0	16.63235
689505.5503	5665229	95.82208	5.95606	0	51.48462
585505.5503	5661229	89.39779	32.88065	8.53846	103.74449
589505.5503	5661229	144.1157	26.85923	6.05357	128
593505.5503	5661229	148.26344	35.68779	3.41071	128
597505.5503	5661229	117.01946	21.07182	8.07143	128
601505.5503	5661229	172.66494	26.04131	3.23214	128
605505.5503	5661229	164.62925	38.13392	1.42857	128
609505.5503	5661229	121.79226	24.98956	1.26786	125.31147
613505.5503	5661229	105.29318	11.07032	0.10204	71.33518
617505.5503	5661229	108.77493	44.57557	1.91071	107.3165
621505.5503	5661229	89.982	48.9102	6.21429	127.97686
625505.5503	5661229	118.14082	38.35366	2.05357	128
629505.5503	5661229	128.31203	37.04895	1.14286	123.80032
633505.5503	5661229	153.52316	3.79513	0	98.58255
637505.5503	5661229	161.76612	3.52752	0	105.23406
641505.5503	5661229	180.0299	5.91368	0	114.73121
645505.5503	5661229	189.55031	7.65681	0	101.26309
649505.5503	5661229	189.45556	12.2189	0	85.51123
653505.5503	5661229	167.4054	7.17153	0	94.2388
657505.5503	5661229	166.57488	6.14466	0	110.63449
661505.5503	5661229	145.43895	5.4178	0	114.05522
665505.5503	5661229	132.80024	3.84733	0	72.87925
669505.5503	5661229	125.55868	3.7333	0	74.02591
673505.5503	5661229	120.11258	1.84792	0	50.85711
677505.5503	5661229	108.64926	2.52842	0	58.73129
681505.5503	5661229	111.38745	2.31573	0	35.12322
685505.5503	5661229	98.51596	1.60891	0	16.80275
689505.5503	5661229	99.64028	3.48778	0	16.21187
693505.5503	5661229	84.31043	4.1702	0.14286	39.28359
589505.5503	5657229	76.05001	33.89878	11.41379	128
593505.5503	5657229	144.90165	27.75757	6.9375	128
597505.5503	5657229	80.82172	36.04044	4.23438	128
601505.5503	5657229	168.11541	24.86734	9.25	128
605505.5503	5657229	110.67881	28.73	1.3125	128
609505.5503	5657229	149.07374	35.30288	1.90625	122.03447
613505.5503	5657229	122.07251	14.47447	0.14286	114.60453
617505.5503	5657229	169.41517	14.30316	0.51563	93.23915
621505.5503	5657229	160.39222	40.66992	2.54688	112.22765
625505.5503	5657229	127.50101	24.04275	0.625	111.19283
629505.5503	5657229	165.55145	19.2168	0	108.7255
633505.5503	5657229	156.83232	7.37364	0	112.14738
637505.5503	5657229	162.56596	5.61132	0.01563	115.30029
641505.5503	5657229	200.9896	14.36978	0	111.39157
645505.5503	5657229	198.68844	14.52722	0.0625	109.26585
649505.5503	5657229	185.04126	8.42418	0.04688	107.5531
653505.5503	5657229	173.62454	8.12756	0	98.87453
657505.5503	5657229	193.52708	8.8044	0	112.68729
661505.5503	5657229	138.66508	4.23666	0	114.8805
665505.5503	5657229	154.20881	5.1201	0	88.0341
669505.5503	5657229	127.27966	3.47712	0	80.22761
673505.5503	5657229	125.357	2.82672	0	55.21455
677505.5503	5657229	110.74886	1.76675	0	63.28803
681505.5503	5657229	107.75776	1.86188	0	65.55051
685505.5503	5657229	106.62193	2.37701	0	57.15217
689505.5503	5657229	100.77837	2.96547	0	39.0379
693505.5503	5657229	95.40723	4.13127	0	50.40085
697505.5503	5657229	50.87656	3.8655	0	11.62335
589505.5503	5653229	72.50565	31.97044	12	128
593505.5503	5653229	78.79504	32.19922	12	128
597505.5503	5653229	127.50136	34.33113	11.55556	128
601505.5503	5653229	103.61344	27.01254	9.375	128
605505.5503	5653229	152.30853	41.73673	7.8125	127.92327
609505.5503	5653229	139.32775	28.22955	5.4375	113.41203
613505.5503	5653229	69.39219	43.97487	5.66071	125.17453
617505.5503	5653229	116.09861	25.42841	5.03125	127.52512
621505.5503	5653229	198.00086	15.16644	2.39063	118.45843
625505.5503	5653229	174.35014	38.86868	4.04688	127.30303
629505.5503	5653229	88.03538	39.24904	6.26563	128
633505.5503	5653229	133.83043	21.91875	1.03125	113.53699
637505.5503	5653229	176.55307	12.30039	1.8125	88.38184
641505.5503	5653229	203.03081	22.35022	1.29688	123.54177
645505.5503	5653229	195.74921	20.47793	2.125	127.02209
649505.5503	5653229	187.45176	8.42418	0.6875	104.46626
653505.5503	5653229	184.98952	11.46049	0.71875	77.54839
657505.5503	5653229	203.16981	9.73811	0.20313	98.80047
661505.5503	5653229	137.61916	3.61506	0	120.8801
665505.5503	5653229	183.8048	7.0186	0	89.20983
669505.5503	5653229	179.50983	5.60913	0	76.37381
673505.5503	5653229	181.54167	3.92408	0	94.75523
677505.5503	5653229	174.65417	2.83431	0	71.31266
681505.5503	5653229	124.18536	1.55825	0	32.76768
685505.5503	5653229	109.90425	2.15082	0	38.21447
689505.5503	5653229	110.29089	3.10509	0	49.73319
693505.5503	5653229	126.99803	3.12358	0	49.33664
697505.5503	5653229	117.41157	3.43854	0	68.53196
597505.5503	5649229	73.0051	34.95173	11.9375	128
601505.5503	5649229	54.18058	37.06213	11.28125	128
605505.5503	5649229	163.41466	26.03213	11.54688	128
609505.5503	5649229	131.89277	32.00149	5.09375	127.31804
613505.5503	5649229	114.61354	33.93073	8.89286	112.18829
617505.5503	5649229	99.31648	38.9552	6.76563	115.95957
621505.5503	5649229	76.41128	27.09673	10.73438	128
625505.5503	5649229	140.51161	24.77561	7.73438	126.35759
629505.5503	5649229	142.62783	44.45203	0.5	126.11044
633505.5503	5649229	164.09909	28.6215	1.20313	124.02382
637505.5503	5649229	104.1077	21.69302	3.89063	117.47923
641505.5503	5649229	198.44579	21.81895	3.40625	127.57777
645505.5503	5649229	191.2445	22.77427	4.25	127.71812
649505.5503	5649229	135.68233	15.36361	4.32813	119.82603
653505.5503	5649229	190.67948	20.36997	2.20313	92.41336
657505.5503	5649229	189.21777	13.06167	0.25	107.53327
661505.5503	5649229	177.46695	6.54413	0.32813	117.97207
665505.5503	5649229	147.95664	7.39983	0	117.27162
669505.5503	5649229	165.06558	6.77079	0	94.97722
673505.5503	5649229	178.64599	3.44457	0	107.54925
677505.5503	5649229	211.74123	6.96449	0	126.07741
681505.5503	5649229	181.81575	2.48525	0	91.0089
685505.5503	5649229	150.31659	2.02512	0	94.03644
689505.5503	5649229	118.3136	2.19297	0	45.52797
693505.5503	5649229	145.49418	2.17519	0	52.98353
697505.5503	5649229	109.49243	2.6818	0	56.96056
701505.5503	5649229	67.16845	1.50889	0	37.5137
597505.5503	5645229	69.78081	32.32088	11.9375	128
601505.5503	5645229	56.01022	39.1113	11.53125	128
605505.5503	5645229	82.86468	32.77847	11.625	128
609505.5503	5645229	157.53066	33.42222	5.48438	128
613505.5503	5645229	66.7491	32.78075	8.82143	128
617505.5503	5645229	105.61386	29.7866	8.07813	103.75763
621505.5503	5645229	58.90904	46.47916	11.23438	128
625505.5503	5645229	141.19576	25.20248	3.75	115.45177
629505.5503	5645229	140.6318	22.66346	0.21875	100.9379
633505.5503	5645229	132.33523	30.98358	4.90625	127.77909
637505.5503	5645229	99.7548	38.77657	5.53125	128
641505.5503	5645229	138.18726	19.58585	5.125	123.99842
645505.5503	5645229	195.53373	23.44613	3.04688	121.08215
649505.5503	5645229	127.25755	29.69229	2.84375	127.39881
653505.5503	5645229	155.19631	30.67693	2.76563	126.70126
657505.5503	5645229	204.01297	15.48929	0.57813	114.71155
661505.5503	5645229	192.17033	13.24886	0.15625	103.00301
665505.5503	5645229	167.75519	5.77363	0	78.51136
669505.5503	5645229	147.38096	4.36522	0	89.74181
673505.5503	5645229	162.00873	3.86216	0	122.95959
677505.5503	5645229	153.56086	6.51061	0	124.78766
681505.5503	5645229	159.55722	5.07153	0	118.15435
685505.5503	5645229	140.1559	3.08078	0	96.18392
689505.5503	5645229	112.83114	3.43075	0	49.81452
693505.5503	5645229	121.93058	4.02976	0	67.47429
697505.5503	5645229	114.95344	3.41397	0	74.49964
701505.5503	5645229	61.232	3.48542	0	18.55854
705505.5503	5645229	41.71929	2.74547	0	7.49634
593505.5503	5641229	32	5.18099	11.4375	128
597505.5503	5641229	38.47973	32.25879	11.9375	128
601505.5503	5641229	134.23273	33.99628	11.34375	128
605505.5503	5641229	88.25063	34.65792	10.03125	128
609505.5503	5641229	137.2093	27.12	8.09375	128
613505.5503	5641229	108.04976	35.29953	5.41071	121.55252
617505.5503	5641229	77.09772	26.17841	10.3125	103.72654
621505.5503	5641229	48.39984	48.02605	10.96875	128
625505.5503	5641229	60.52524	32.90762	6.34375	128
629505.5503	5641229	160.67371	12.61962	0.3125	105.80024
633505.5503	5641229	88.56101	41.64228	5.9375	127.43042
637505.5503	5641229	59.46406	39.95199	7.9375	128
641505.5503	5641229	82.23982	27.47555	4.90625	128
645505.5503	5641229	193.04219	17.37809	3.03125	121.53632
649505.5503	5641229	201.26588	29.63499	1.25	128
653505.5503	5641229	174.92378	28.56835	0.95313	126.36073
657505.5503	5641229	188.57453	16.4655	0.14063	124.49814
661505.5503	5641229	154.3566	5.9942	0.03125	114.8805
665505.5503	5641229	161.88422	11.78974	0.25	96.79497
669505.5503	5641229	194.62138	10.21839	0	109.23936
673505.5503	5641229	172.00676	7.92377	0	104.23101
677505.5503	5641229	153.43852	6.31611	0	92.15787
681505.5503	5641229	157.74292	6.73794	0	73.73837
685505.5503	5641229	118.59875	3.67471	0	46.58192
689505.5503	5641229	140.33868	4.2054	0	44.39027
693505.5503	5641229	129.60766	5.05929	0	44.98145
697505.5503	5641229	100.34843	2.47992	0	27.34798
701505.5503	5641229	99.1348	2.79193	0	27.20554
705505.5503	5641229	97.01714	1.563	0	23.78235
593505.5503	5637229	46.08462	46.92213	12	128
597505.5503	5637229	109.3211	35.34625	11.94737	128
601505.5503	5637229	114.85621	21.97276	11.13115	128
605505.5503	5637229	128.17072	36.86595	11.46875	127.93286
609505.5503	5637229	154.89308	22.95448	4.70313	118.74375
613505.5503	5637229	171.75207	17.25896	6.71429	81.35558
617505.5503	5637229	66.25189	39.05465	10.65625	127.81381
621505.5503	5637229	110.17948	43.91457	10.85938	128
625505.5503	5637229	138.13892	47.74604	4.32813	128
629505.5503	5637229	154.09851	9.05757	4.1875	117.52326
633505.5503	5637229	155.00131	38.02023	4	126.85259
637505.5503	5637229	45.01093	38.29304	7.8125	128
641505.5503	5637229	55.84771	38.07322	7.09375	128
645505.5503	5637229	159.63082	18.20601	4.96875	127.59454
649505.5503	5637229	193.52874	22.82691	2.84375	126.89482
653505.5503	5637229	183.85784	28.56835	0.26563	126.14391
657505.5503	5637229	180.59347	14.45341	0.57813	120.19153
661505.5503	5637229	176.46968	8.13909	0.25	110.49486
665505.5503	5637229	161.88734	15.02043	0.07813	95.57567
669505.5503	5637229	194.55654	13.69959	0.03125	103.98655
673505.5503	5637229	177.70983	10.13135	0	100.28809
677505.5503	5637229	191.74772	8.80584	0	108.55779
681505.5503	5637229	162.91974	8.85435	0	93.32168
685505.5503	5637229	126.80456	3.89848	0	54.50542
689505.5503	5637229	119.26609	5.37276	0	35.89438
693505.5503	5637229	145.38381	8.37694	0	85.72921
697505.5503	5637229	112.15656	5.32033	0	46.75799
701505.5503	5637229	104.60299	3.60734	0	38.03813
705505.5503	5637229	108.82942	3.48788	0	48.25932
601505.5503	5633229	78.03587	28.73331	11	128
605505.5503	5633229	131.95993	26.64321	11.69841	128
609505.5503	5633229	145.01399	13.93193	9.42188	121.76447
613505.5503	5633229	121.5495	14.19296	11.39286	102.8703
617505.5503	5633229	148.36415	44.91954	10.92188	119.71212
621505.5503	5633229	41.75012	35.33827	11.98438	128
625505.5503	5633229	153.26854	32.46774	8.98438	127.49741
629505.5503	5633229	127.83648	35.87304	4.5	124.78907
633505.5503	5633229	155.21649	30.77735	7.39063	128
637505.5503	5633229	57.16682	40.22084	8.9375	128
641505.5503	5633229	70.19635	34.32236	5.65625	128
645505.5503	5633229	144.78746	24.46261	4.85938	128
649505.5503	5633229	173.57399	20.95369	2.23438	124.94706
653505.5503	5633229	171.73988	21.99526	1.25	117.65535
657505.5503	5633229	179.6559	16.84224	1.4375	118.86613
661505.5503	5633229	201.50935	14.89171	1.76563	107.33815
665505.5503	5633229	178.47508	15.83875	0.40625	103.57165
669505.5503	5633229	196.11155	12.269	0	109.77948
673505.5503	5633229	174.08357	11.55325	0	108.51046
677505.5503	5633229	156.87338	8.90172	0	84.40884
681505.5503	5633229	170.16518	9.46512	0	96.34969
685505.5503	5633229	129.26407	4.61328	0	67.39987
689505.5503	5633229	114.60468	4.12716	0	63.09967
693505.5503	5633229	130.78742	6.71234	0	79.17068
697505.5503	5633229	127.64622	7.21974	0	51.16814
701505.5503	5633229	124.53137	5.35416	0	33.03762
705505.5503	5633229	106.48163	2.68542	0	28.77584
709505.5503	5633229	98.18729	2.99059	0	23.9883
605505.5503	5629229	117.67941	24.59228	11.70588	128
609505.5503	5629229	163.47162	35.62181	10.9375	128
613505.5503	5629229	84.57434	28.19419	11.80357	127.70696
617505.5503	5629229	169.89328	23.79584	11.125	96.56507
621505.5503	5629229	109.97579	48.83479	10.71875	124.42385
625505.5503	5629229	98.09042	23.08549	9.5625	126.89061
629505.5503	5629229	88.70774	40.99111	4.95313	125.28212
633505.5503	5629229	88.52427	29.29765	11.21875	128
637505.5503	5629229	74.32956	41.93842	7.20313	128
641505.5503	5629229	84.69879	38.27898	3.76563	128
645505.5503	5629229	118.45369	29.34941	4.51563	127.75177
649505.5503	5629229	174.2477	20.43347	2.04688	119.07627
653505.5503	5629229	137.62225	14.07462	3.5625	124.98365
657505.5503	5629229	169.16981	10.36814	2.90625	113.5055
661505.5503	5629229	197.14165	18.87381	1.45313	116.49889
665505.5503	5629229	197.68498	20.15491	0.85938	113.00094
669505.5503	5629229	185.0445	13.61954	0.10938	86.2373
673505.5503	5629229	163.67288	10.8345	0	92.82516
677505.5503	5629229	140.18211	7.87595	0	74.62215
681505.5503	5629229	132.27618	8.13447	0	83.39964
685505.5503	5629229	119.47598	5.25605	0	50.8035
689505.5503	5629229	117.71991	3.58717	0	44.78327
693505.5503	5629229	120.40283	5.1006	0	90.47834
697505.5503	5629229	124.06566	6.6792	0	68.53445
701505.5503	5629229	122.48058	8.01501	0	84.72176
705505.5503	5629229	110.00949	3.09442	0	54.45436
709505.5503	5629229	104.28411	4.40585	0	38.89019
609505.5503	5625229	140.98014	22.80606	11.89063	128
613505.5503	5625229	79.1602	38.61483	11.91071	128
617505.5503	5625229	65.02223	23.59842	11.75	114.83584
621505.5503	5625229	165.16698	36.46822	10.35938	87.39434
625505.5503	5625229	96.51932	35.34685	10.71875	126.71639
629505.5503	5625229	138.15936	37.60248	3.98438	125.03841
633505.5503	5625229	67.81702	36.92338	9.375	128
637505.5503	5625229	102.9419	41.70356	7.42188	128
641505.5503	5625229	97.42748	36.01756	6.07813	127.79074
645505.5503	5625229	52.71502	30.68202	7.23438	127.95028
649505.5503	5625229	158.03655	15.70561	2.95313	127.94541
653505.5503	5625229	187.5734	25.84255	3.59375	127.92315
657505.5503	5625229	172.87414	19.39051	3.26563	127.15684
661505.5503	5625229	187.96029	24.63921	1.53125	126.5629
665505.5503	5625229	208.53231	17.08936	0.26563	126.48939
669505.5503	5625229	209.93584	12.94157	0.0625	114.94684
673505.5503	5625229	172.24654	7.79938	0	109.30684
677505.5503	5625229	136.10316	5.01786	0	69.17737
681505.5503	5625229	129.09331	4.95379	0	64.37512
685505.5503	5625229	114.04583	4.06658	0	60.10511
689505.5503	5625229	132.64206	5.57605	0	61.93556
693505.5503	5625229	107.40723	2.69343	0	41.96612
697505.5503	5625229	96.52723	4.40189	0	79.78845
701505.5503	5625229	97.36824	4.20873	0	47.70028
705505.5503	5625229	101.12923	3.1172	0	45.61781
709505.5503	5625229	91.53829	3.69773	0	57.05708
713505.5503	5625229	51.93601	1.98596	0	26.81118
609505.5503	5621229	71.36376	20.93646	11.90909	128
613505.5503	5621229	138.04487	35.92597	12	128
617505.5503	5621229	31.61454	48.6096	11.85714	128
621505.5503	5621229	77.25063	25.70071	11.78125	125.64727
625505.5503	5621229	175.27492	38.36152	7.40625	117.58023
629505.5503	5621229	179.07133	28.64873	2.32813	127.53295
633505.5503	5621229	103.31506	44.34832	6.125	125.10511
637505.5503	5621229	73.07258	37.24828	11.21875	128
641505.5503	5621229	72.23797	38.66403	9.34375	127.89992
645505.5503	5621229	58.07445	38.30466	6.34375	128
649505.5503	5621229	121.86171	20.10293	3.65625	127.91812
653505.5503	5621229	141.48585	21.91741	4.96875	127.98644
657505.5503	5621229	185.05383	19.39051	3.1875	127.80894
661505.5503	5621229	182.43703	18.55798	2.20313	128
665505.5503	5621229	205.85469	18.52536	0.26563	126.63447
669505.5503	5621229	213.80031	12.00998	0.15625	121.59525
673505.5503	5621229	186.62008	10.34317	0	118.43349
677505.5503	5621229	165.92123	8.25361	0	76.84169
681505.5503	5621229	110.59819	4.7724	0	67.99838
685505.5503	5621229	143.58766	6.64787	0	58.14827
689505.5503	5621229	112.10016	5.12787	0	41.86982
693505.5503	5621229	93.55676	2.38332	0	45.41584
697505.5503	5621229	107.92437	2.39955	0	59.69446
701505.5503	5621229	111.16828	2.9953	0	47.22421
705505.5503	5621229	105.47414	3.43931	0	38.85157
709505.5503	5621229	104.38734	3.21421	0	42.30233
713505.5503	5621229	100.16464	2.0333	0	33.15771
621505.5503	5617229	92.59784	40.73914	10.89063	128
625505.5503	5617229	113.43143	24.53262	10.82813	125.15814
629505.5503	5617229	161.86604	16.98047	5.10938	120.30123
633505.5503	5617229	155.38029	50.76654	3.98438	121.62205
637505.5503	5617229	64.8434	39.83911	10.82813	128
641505.5503	5617229	127.05684	37.41531	9	127.78165
645505.5503	5617229	92.95311	41.10189	7.04688	127.7559
649505.5503	5617229	77.96116	31.03785	7.01563	127.78631
653505.5503	5617229	100.96199	16.98258	5.75	128
657505.5503	5617229	165.41423	19.41877	1.67188	128
661505.5503	5617229	197.09735	18.46894	1.29688	127.99502
665505.5503	5617229	205.53766	17.63993	0.75	125.82001
669505.5503	5617229	204.47514	15.77257	0.40625	126.4466
673505.5503	5617229	208.97052	14.83566	0.15625	128
677505.5503	5617229	194.07666	14.22599	0	125.91598
681505.5503	5617229	137.85372	5.8246	0	55.14339
685505.5503	5617229	126.24756	7.7673	0	77.8967
689505.5503	5617229	98.12903	5.09972	0	75.72326
693505.5503	5617229	105.9728	2.09485	0	49.23821
697505.5503	5617229	116.21716	3.09246	0	26.23295
701505.5503	5617229	115.17264	4.21355	0	39.31163
705505.5503	5617229	108.26566	4.08603	0	48.80224
709505.5503	5617229	103.7173	3.66005	0	28.92275
713505.5503	5617229	111.30617	2.06588	0	42.17131
621505.5503	5613229	106.13373	38.02183	10.9375	128
625505.5503	5613229	131.81907	34.59925	7.90625	128
629505.5503	5613229	83.0809	11.80933	7.14063	109.29221
633505.5503	5613229	189.44235	28.33665	3.375	115.5184
637505.5503	5613229	117.51989	44.26669	8.90625	126.59763
641505.5503	5613229	74.15086	20.06589	11.40625	127.63192
645505.5503	5613229	146.66808	37.54295	7.60938	127.78302
649505.5503	5613229	50.98675	37.38068	6.84375	128
653505.5503	5613229	91.19631	28.44384	5.1875	128
657505.5503	5613229	203.79269	20.78193	1.64063	128
661505.5503	5613229	189.33254	14.4035	0.84375	127.92037
665505.5503	5613229	187.31042	14.97148	0.5625	125.74226
669505.5503	5613229	187.35461	15.75785	0.25	125.50692
673505.5503	5613229	183.15904	10.59027	0.14063	119.78255
677505.5503	5613229	167.85539	11.86828	0	123.11472
681505.5503	5613229	147.08769	8.52263	0	86.11982
685505.5503	5613229	137.43278	7.03189	0	57.45656
689505.5503	5613229	106.32396	4.51558	0	43.19968
693505.5503	5613229	104.51069	2.94328	0	46.07103
697505.5503	5613229	111.10186	3.4454	0	48.3629
701505.5503	5613229	116.05998	3.86614	0	47.43216
705505.5503	5613229	109.43899	2.10014	0	34.58691
709505.5503	5613229	114.78844	4.96105	0	37.34854
713505.5503	5613229	106.63897	1.86374	0	30.17724
617505.5503	5609229	42.83165	32.78892	7.7	128
621505.5503	5609229	43.18312	38.86344	11.91071	128
625505.5503	5609229	74.75681	26.39905	10.39286	128
629505.5503	5609229	114.33962	10.66462	7.35714	67.86446
633505.5503	5609229	201.68018	18.96982	3.64286	104.35889
637505.5503	5609229	110.42305	35.00722	10.73214	127.18669
641505.5503	5609229	64.09466	41.57301	11.67857	126.90944
645505.5503	5609229	107.2647	25.91435	10.07143	128
649505.5503	5609229	124.5442	43.75283	6.32143	127.69787
653505.5503	5609229	88.55385	33.77681	3.375	127.92722
657505.5503	5609229	162.03322	18.67605	2.21429	127.92218
661505.5503	5609229	194.67054	21.9253	1.75	125.98889
665505.5503	5609229	201.0919	14.71043	0.875	124.44891
669505.5503	5609229	208.84577	18.5578	0.44643	128
673505.5503	5609229	206.5684	15.10176	0.58929	125.74914
677505.5503	5609229	209.72311	13.17262	0.28571	117.72212
681505.5503	5609229	159.21245	9.74288	0	99.97847
685505.5503	5609229	114.72162	8.36214	0	97.66109
689505.5503	5609229	106.23757	6.17769	0	70.83075
693505.5503	5609229	96.28459	5.42797	0	77.72074
697505.5503	5609229	107.46964	4.13454	0	61.78306
701505.5503	5609229	114.36832	3.31395	0	57.67686
705505.5503	5609229	109.06626	2.14188	0	41.5497
709505.5503	5609229	109.88373	1.95917	0	31.10397
713505.5503	5609229	102.13943	3.149	0	36.07136
625505.5503	5605229	44.12519	38.66876	11.98387	128
629505.5503	5605229	57.04639	17.34929	11.87879	128
633505.5503	5605229	196.9588	15.53407	9.6	127.14284
641505.5503	5605229	114.91301	43.13301	11.71875	126.67979
645505.5503	5605229	72.29623	32.66336	11.60938	127.59198
649505.5503	5605229	154.19619	35.60985	7.71875	128
653505.5503	5605229	77.35976	41.73204	6.84375	127.9548
657505.5503	5605229	95.33947	22.4107	4.70313	127.91357
661505.5503	5605229	108.93216	21.9253	5.01563	127.96816
665505.5503	5605229	191.84583	22.6212	3.01563	125.98998
669505.5503	5605229	193.58593	13.03304	1.1875	127.97093
673505.5503	5605229	200.99709	16.86689	0.98438	120.29009
677505.5503	5605229	205.23476	15.02912	0.17188	126.41669
681505.5503	5605229	180.1746	10.20402	0.08929	120.05803
685505.5503	5605229	113.85338	7.91248	0.01563	81.97009
689505.5503	5605229	103.83023	6.98181	0	77.74925
693505.5503	5605229	100.36977	3.50318	0	59.93066
697505.5503	5605229	108.18931	5.28091	0	55.64909
701505.5503	5605229	112.76619	3.41379	0	70.77856
705505.5503	5605229	108.25766	1.36451	0	39.02209
709505.5503	5605229	107.92217	1.72143	0	39.01333
713505.5503	5605229	98.59578	1.43566	0	59.8272
645505.5503	5601229	148.88469	43.47354	8	126.4796
649505.5503	5601229	175.62736	27.09555	5.54688	128
653505.5503	5601229	121.6309	42.878	6.42188	128
657505.5503	5601229	65.76594	37.92374	8.90625	128
661505.5503	5601229	59.20629	31.56988	8.125	128
665505.5503	5601229	125.75586	24.78084	5.5	128
669505.5503	5601229	191.09654	16.09591	2.0625	124.85712
673505.5503	5601229	194.06273	15.90888	0.10938	114.59591
677505.5503	5601229	177.14285	11.83687	0	124.66614
681505.5503	5601229	124.25684	9.52982	0.01786	117.55593
685505.5503	5601229	89.01469	7.26538	0	117.1805
689505.5503	5601229	88.08884	7.09636	0	112.65938
693505.5503	5601229	97.44031	4.83204	0	88.70071
697505.5503	5601229	105.41486	3.34892	0	69.97761
701505.5503	5601229	110.68359	1.91832	0	37.63845
705505.5503	5601229	104.10039	2.50132	0	52.46392
709505.5503	5601229	112.5357	1.48068	0	57.86452
713505.5503	5601229	109.59855	1.11424	0	38.5149
645505.5503	5597229	157.55537	27.2419	10.92188	127.29676
649505.5503	5597229	170.67098	22.32448	8.73438	126.73596
653505.5503	5597229	189.03358	36.04912	3.71875	126.26234
657505.5503	5597229	126.05928	36.48331	7.51563	128
661505.5503	5597229	58.47506	36.88446	8.03125	128
665505.5503	5597229	137.02091	22.56826	3.96875	128
669505.5503	5597229	172.78881	18.88114	2.09375	127.8462
673505.5503	5597229	175.43498	10.23863	0.01563	127.22406
677505.5503	5597229	176.69879	8.16566	0.01563	116.82551
681505.5503	5597229	131.8296	11.32687	0	111.01112
685505.5503	5597229	90.23145	6.73567	0	121.28821
689505.5503	5597229	84.62221	8.51476	0	121.49078
693505.5503	5597229	109.24112	4.51498	0	74.82858
697505.5503	5597229	110.08346	3.57647	0	68.43706
701505.5503	5597229	103.63829	3.99625	0	69.1875
705505.5503	5597229	110.83418	1.65717	0	60.92594
709505.5503	5597229	113.96329	0.97894	0	13.84608
713505.5503	5597229	115.79009	0.85734	0	21.69261
645505.5503	5593229	75.9743	42.65211	8.03175	127.30248
649505.5503	5593229	178.05212	26.87566	8.07937	98.85194
653505.5503	5593229	200.60987	27.14266	4.01563	122.91675
657505.5503	5593229	179.85024	37.03436	1.34375	126.72385
661505.5503	5593229	115.62557	39.62721	5.53125	128
665505.5503	5593229	85.02586	33.73912	5.625	127.99505
669505.5503	5593229	188.71904	21.21467	1.76563	127.7324
673505.5503	5593229	202.05535	10.66144	0.76563	127.68361
677505.5503	5593229	170.954	8.25794	0	119.00277
681505.5503	5593229	130.0513	12.5198	0	115.84304
685505.5503	5593229	89.51533	7.79749	0	127.99513
689505.5503	5593229	83.0964	10.38885	0	127.85403
693505.5503	5593229	100.94505	3.98485	0	106.04831
697505.5503	5593229	115.46861	3.29876	0	72.5371
701505.5503	5593229	108.83774	4.7468	0	61.65578
705505.5503	5593229	112.36668	3.65385	0	54.36816
709505.5503	5593229	111.36861	1.63784	0	31.76183
653505.5503	5589229	176.37538	22.80567	5.39063	127.99501
657505.5503	5589229	193.81187	16.87983	0.5625	127.31887
661505.5503	5589229	175.95103	23.72871	0.64063	127.09458
665505.5503	5589229	116.13593	41.17523	3.39063	128
669505.5503	5589229	129.19734	24.85572	2.23438	128
673505.5503	5589229	134.21344	12.05366	0.53125	127.66156
677505.5503	5589229	127.10977	6.65679	0	121.59691
681505.5503	5589229	175.27345	15.31774	0	100.03679
685505.5503	5589229	103.22807	6.61599	0	127.97453
689505.5503	5589229	81.66821	5.74182	0	127.75578
693505.5503	5589229	99.15503	3.56379	0	98.08573
697505.5503	5589229	111.4929	3.09992	0	25.04699
701505.5503	5589229	109.68208	5.1707	0	56.9
705505.5503	5589229	110.49784	5.62216	0	75.89666
709505.5503	5589229	113.58287	3.897	0	49.61226
653505.5503	5585229	112.66203	27.54449	8.57895	128
657505.5503	5585229	190.21934	15.23607	3.34375	127.98997
661505.5503	5585229	175.41956	14.03512	0.25	126.79807
665505.5503	5585229	167.67146	25.77655	0.07813	126.49381
669505.5503	5585229	169.76892	19.23605	0.01563	126.41354
673505.5503	5585229	186.33404	24.53772	0.76563	126.42629
677505.5503	5585229	174.37783	18.21892	0.04688	108.28712
681505.5503	5585229	163.41331	11.77448	0	121.5412
685505.5503	5585229	117.52323	4.41472	0	127.45746
689505.5503	5585229	79.6851	5.26954	0	118.1919
693505.5503	5585229	99.24583	4.4225	0	112.53756
697505.5503	5585229	105.85024	5.95194	0	70.96457
701505.5503	5585229	106.81706	5.26786	0	127.41585
705505.5503	5585229	110.61556	5.04221	0	90.91448
709505.5503	5585229	110.46142	4.82863	0	84.10745
661505.5503	5581229	202.83671	16.84089	1.875	127.98006
665505.5503	5581229	181.94086	18.23441	0.75	127.18998
669505.5503	5581229	202.61859	20.76587	0.73438	127.25593
673505.5503	5581229	163.84395	27.27756	2.40625	128
677505.5503	5581229	196.99568	26.98254	0.95313	127.85455
681505.5503	5581229	189.00825	10.00846	0	127.59731
685505.5503	5581229	131.83047	14.93411	0	126.98762
689505.5503	5581229	88.92217	7.7636	0	127.90882
693505.5503	5581229	84.64914	4.1125	0	118.95377
697505.5503	5581229	99.91572	6.78955	0	113.79881
701505.5503	5581229	105.51438	4.68359	0	116.07476
705505.5503	5581229	108.19874	5.75502	0	80.3316
709505.5503	5581229	106.69253	6.46974	0	86.30418
661505.5503	5577229	187.35129	25.24302	2.76563	120.2413
665505.5503	5577229	192.96203	20.26312	1.34375	127.77803
669505.5503	5577229	188.97639	22.10753	0.84375	125.44775
673505.5503	5577229	145.19898	25.62555	3.07813	128
677505.5503	5577229	185.40604	28.17612	1.59375	128
681505.5503	5577229	194.73439	13.23969	0.23214	128
685505.5503	5577229	177.80228	17.76514	0.01563	125.15955
689505.5503	5577229	102.38345	9.87937	0	118.65882
693505.5503	5577229	76.81816	11.20332	0	116.70947
697505.5503	5577229	102.46699	4.58763	0	114.93208
701505.5503	5577229	96.30307	7.78361	0	110.24308
705505.5503	5577229	99.67248	7.33447	0	100.32976
709505.5503	5577229	107.50765	5.17725	0	117.07532
661505.5503	5573229	159.27273	27.0077	3.54688	109.28942
665505.5503	5573229	182.31509	16.23297	0.98438	96.0544
669505.5503	5573229	142.69151	22.10753	1.5	120.25562
673505.5503	5573229	146.2491	19.53722	2.6875	122.60326
677505.5503	5573229	163.49045	32.62764	3.17188	128
681505.5503	5573229	192.45243	19.56498	0.875	127.99502
685505.5503	5573229	198.95637	16.74706	0.1875	127.92264
689505.5503	5573229	186.88066	17.48403	0	127.80633
693505.5503	5573229	119.85086	14.35265	0.03125	124.48129
697505.5503	5573229	100.88335	6.58403	0	93.83536
701505.5503	5573229	122.52712	8.4278	0	128
705505.5503	5573229	119.52969	9.67682	0	128
709505.5503	5573229	114.48837	9.50728	0.01724	127.77437
661505.5503	5569229	185.63411	18.06555	3.79688	113.73656
665505.5503	5569229	194.89002	13.0485	1.67188	104.20684
669505.5503	5569229	179.25624	19.2282	2.8125	107.45562
673505.5503	5569229	129.35381	22.24256	4.375	117.16745
677505.5503	5569229	113.82833	22.93772	5.21875	127.9176
681505.5503	5569229	182.68217	23.27127	2.42857	128
685505.5503	5569229	184.06407	16.94329	0.125	127.14705
689505.5503	5569229	170.0091	12.24603	0	121.04434
693505.5503	5569229	154.01101	15.73349	0.125	112.21207
697505.5503	5569229	103.21411	9.26966	0	100.0218
701505.5503	5569229	150.0816	9.87071	0.01563	122.80581
705505.5503	5569229	113.82066	10.09403	0	122.36616
709505.5503	5569229	140.34696	11.66858	0	122.96891
665505.5503	5565229	196.78774	12.85717	3.1875	99.41847
669505.5503	5565229	198.37419	23.9934	3.14063	120.06519
673505.5503	5565229	141.16698	19.51912	4.03125	122.92197
677505.5503	5565229	141.23753	24.28772	4.70313	124.73026
681505.5503	5565229	135.75108	21.55537	3.78571	126.1572
685505.5503	5565229	195.66392	24.12828	1.17188	125.89536
689505.5503	5565229	200.27451	12.01856	0.04688	127.28536
693505.5503	5565229	139.39733	12.20017	0	125.88825
697505.5503	5565229	95.76876	10.85968	0.04688	105.44517
701505.5503	5565229	144.04206	6.11971	0.01563	103.96286
705505.5503	5565229	125.2528	9.23922	0	122.52099
709505.5503	5565229	120.19627	8.07962	0	120.93228
665505.5503	5561229	158.17704	12.50358	5.64063	107.54199
669505.5503	5561229	168.99031	20.02023	6.79688	121.81837
673505.5503	5561229	153.75967	24.00484	5.85938	126.28749
677505.5503	5561229	153.24093	19.31546	3.23438	124.03845
681505.5503	5561229	157.51588	18.31882	2.78571	113.84985
685505.5503	5561229	171.90401	24.99473	3.29688	128
689505.5503	5561229	181.00115	19.03335	0.53125	128
693505.5503	5561229	170.78656	13.44585	0.26563	127.569
697505.5503	5561229	143.75784	15.67692	0.14063	110.42672
701505.5503	5561229	170.90511	8.67203	0.15625	115.18251
705505.5503	5561229	128.78486	13.4733	0	124.54859
709505.5503	5561229	114.03939	8.16653	0	108.92654
665505.5503	5557229	145.91867	14.84277	4.76563	95.75185
669505.5503	5557229	147.98341	18.44051	5.51563	88.70692
673505.5503	5557229	175.55641	24.00484	6.28125	127.94198
677505.5503	5557229	175.70708	18.67175	4.01563	109.28501
681505.5503	5557229	156.34599	17.36012	1.83929	101.18026
685505.5503	5557229	134.90105	24.15605	3.45313	125.01592
689505.5503	5557229	165.95825	20.92085	1.0625	127.84304
693505.5503	5557229	147.83008	12.55862	0.0625	104.08577
697505.5503	5557229	120.35157	13.9582	0	124.37377
701505.5503	5557229	138.68305	7.06064	0	109.95324
705505.5503	5557229	157.69167	11.3422	0	125.2614
709505.5503	5557229	147.39126	10.7434	0	96.37473
665505.5503	5553229	201.00504	11.98619	5.51786	119.58413
669505.5503	5553229	173.11989	14.12478	2.125	88.29869
673505.5503	5553229	140.92681	24.77898	5.64286	123.78149
677505.5503	5553229	161.55346	22.36524	5.73214	126.6335
681505.5503	5553229	181.59535	21.05284	1.46939	123.55075
685505.5503	5553229	149.41533	21.18365	3.10714	106.69886
689505.5503	5553229	180.44796	22.99032	2.625	128
693505.5503	5553229	160.76698	16.23737	0.10714	90.61411
697505.5503	5553229	128.12365	6.43716	0	102.01519
701505.5503	5553229	157.89127	6.93715	0	108.19976
705505.5503	5553229	193.34808	13.99826	0.41818	118.4546
709505.5503	5553229	194.4387	16.09769	0	128
669505.5503	5549229	197.34908	12.05291	1.84375	124.03896
673505.5503	5549229	192.39434	25.16982	2	120.28471
677505.5503	5549229	159.18041	28.02169	5.125	127.99502
681505.5503	5549229	188.50006	20.71814	1.58929	127.89082
685505.5503	5549229	187.27327	14.23594	1.04688	121.73903
689505.5503	5549229	185.81409	22.05883	3.01563	122.15297
693505.5503	5549229	185.65299	21.65247	1.14063	126.86144
697505.5503	5549229	179.46387	13.38244	0.10938	110.43335
701505.5503	5549229	163.85825	9.11761	0.04688	103.98204
705505.5503	5549229	176.33331	13.80543	0.675	116.16562
669505.5503	5545229	206.98034	22.43824	2.875	128
673505.5503	5545229	190.81855	22.70784	1.0625	120.66057
677505.5503	5545229	161.52494	24.12428	2.42188	122.8534
681505.5503	5545229	176.69946	26.32158	1.66071	127.63034
685505.5503	5545229	195.26336	14.41562	0.85938	123.50098
689505.5503	5545229	183.72738	24.25611	2.1875	128
693505.5503	5545229	197.4658	19.81542	2.3125	128
697505.5503	5545229	188.76231	18.82724	0.78125	127.99502
701505.5503	5545229	150.15971	12.66741	0	105.81946
705505.5503	5545229	188.27139	12.14103	0.88889	123.55468
669505.5503	5541229	188.73581	28.57917	5.5625	128
673505.5503	5541229	186.23954	21.3692	1.76563	126.00649
677505.5503	5541229	156.88327	23.63281	0.28125	123.67603
681505.5503	5541229	152.41383	23.65116	1.57143	120.01824
685505.5503	5541229	172.6875	15.86211	0.09375	103.86698
689505.5503	5541229	190.41731	22.72905	0.70313	128
693505.5503	5541229	189.95991	19.99201	0.6875	128
697505.5503	5541229	179.23411	13.16393	0.20635	128
701505.5503	5541229	141.917	14.40533	0	119.8984
669505.5503	5537229	144.04914	28.61264	7.375	121.8009
673505.5503	5537229	168.355	19.79471	3.35938	118.01127
677505.5503	5537229	126.47673	23.63281	1.79688	108.51568
681505.5503	5537229	154.92115	18.77491	0.625	100.04223
685505.5503	5537229	160.65914	16.10572	0.20313	103.88074
689505.5503	5537229	180.17504	25.99743	0.60938	124.68975
693505.5503	5537229	174.95887	19.64613	0.19048	128
697505.5503	5537229	136.97125	15.05316	0.04762	128
669505.5503	5533229	128.75286	38.50445	6.14063	122.43434
673505.5503	5533229	147.47402	19.10458	1.71875	89.78263
677505.5503	5533229	162.35157	22.67863	0.23438	111.69047
681505.5503	5533229	167.56782	18.28095	0.35714	102.60661
685505.5503	5533229	170.63744	17.12334	0.29688	94.23703
689505.5503	5533229	170.69465	25.60063	0.54167	123.57654
693505.5503	5533229	141.95434	17.69984	0	128
669505.5503	5529229	156.28669	29.50003	4.5	70.1214
673505.5503	5529229	150.4852	16.3717	2.55738	62.44517
677505.5503	5529229	196.77237	14.79952	1.23529	96.15546
681505.5503	5529229	171.138	20.5964	0.37838	101.78218
685505.5503	5529229	175.38197	21.55742	0	121.20502
